4386
5731
3961
4521
5262
9694
6008
8730
160
2873
318
662
620
7157
6504
4999
6810
6560
6792
2517
6736
1552
1730
5455
7306
307
500
7873
159
2058
1959
3347
5459
6607
3992
7441
7390
6427
5079
5937
8249
9465
1664
2691
4247
8249
2958
6482
2075
9614
6467
5117
4919
8568
5232
3336
7653
9935
8588
7278
3338
4792
7317
5003
7318
525
1358
5393
1966
6298
5415
7750
8166
4693
4688
9362
5858
2556
8883
8823
5434
5859
7851
8228
8551
4873
1247
2228
6898
6294
7569
3120
1786
9943
5266
3075
2345
6355
2045
8352
6635
5285
6073
6329
5496
9040
4101
4765
5798
5640
8794
390
7191
5546
787
6349
8262
6580
1638
9088
5426
3318
7748
8618
6730
2603
9067
7389
6806
2235
3436
3353
3000
9624
9121
6470
2570
3822
6811
5416
2494
4775
1990
6949
2888
4276
6456
1321
5885
1886
4031
9951
2199
4795
985
7708
3332
2153
3789
6801
3046
960
5619
5496
1938
7657
9527
806
1916
5889
4307
4930
6661
3150
4916
5480
6353
2626
5002
3875
9009
9845
6596
7591
3061
4695
3795
8187
6999
4947
351
5927
6987
3697
6453
4042
5754
2063
873
8133
4012
3664
9077
3974
1765
6629
582
8035
3852
4555
9523
9861
1645
4079
1186
3108
4465
3338
8488
2789
7524
6959
1673
31
1582
3799
1278
1656
3900
3416
6708
3521
3910
15
304
5329
7033
940
6121
4430
7969
7362
3959
650
4972
3856
248
2633
2149
1329
1494
2465
3531
2225
2656
6360
5081
4173
1342
253
3502
3618
6835
891
1811
6698
4058
9337
5489
5315
1634
3861
5381
1496
3622
5986
5849
2677
1958
1729
1225
3417
3465
3068
6578
7898
4066
9177
9847
6109
5266
8258
747
1602
6597
1747
4834
7281
1384
5911
3854
7164
9810
1204
9850
7294
2087
1692
9058
3955
2349
2656
2842
9714
1551
8646
6305
8132
8592
7455
1153
9041
7469
6164
4869
4756
1696
9547
145
502
7040
8064
4518
6988
4589
8092
9098
4970
1244
531
8396
9563
6612
3383
9774
8567
6904
5953
1286
4104
5650
9872
7910
6537
5451
8307
4858
9913
2165
3175
7007
8255
8385
2399
8615
1389
9873
9632
9437
7440
1491
1490
1048
9732
4331
9110
3112
6478
1880
8416
1983
3451
3791
5161
7030
8513
872
2957
2407
5488
284
2898
6907
6574
220
1477
7570
7373
6481
830
936
3247
3274
3466
3892
7281
4271
2100
3234
4606
9682
3914
6107
132
6758
6891
4027
9698
7762
1974
537
7404
4487
1279
1165
8517
1255
9030
1402
1518
4687
2188
8888
2961
1978
8275
637
5692
7195
9973
1985
4850
4721
4934
6660
8774
1554
5487
7710
2386
5374
8677
8661
7431
7445
581
567
6593
1241
4765
4157
5335
8301
9430
8299
4984
7509
4631
6956
4905
1270
4102
8515
9458
8972
8388
7284
8778
5509
442
5418
5317
5465
4077
6759
7056
6918
1077
4284
5543
8635
7786
5637
3117
4319
9178
9819
2593
7302
651
9286
340
227
8944
7842
7062
1991
2507
3690
5048
7903
917
3505
9243
1626
8615
2520
7998
2673
1842
1353
98
4779
9111
3224
7807
5041
9318
9768
6949
2976
4372
4826
5226
3688
7668
6197
317
8547
6338
9871
2727
2429
5974
1198
9224
5524
8505
1004
1403
6227
2187
659
5194
8274
3291
5960
5711
5968
930
3882
5614
6251
5906
9617
4796
8875
7861
5735
6402
6629
7687
2237
8874
319
4114
5933
5547
4513
5030
5216
9020
8029
9684
42
2129
5904
3889
6668
2281
8637
5266
6651
4763
6890
999
4403
4807
3219
3576
4438
2587
2915
8158
3900
84
1335
3554
4259
1816
3430
8772
5187
6931
102
9855
9036
1863
1551
7261
3145
2896
5523
1143
9108
2527
4540
7676
1091
7840
7420
7575
5696
7321
5700
3196
8377
6711
9021
8438
1024
5356
9504
6139
1620
7082
4471
4290
6373
8239
5710
2546
238
3577
8297
9491
6398
5558
9512
3012
7751
5855
7899
6488
9768
7310
7841
7832
1399
4249
2544
5376
3241
3784
7289
5761
2319
4100
4884
317
5636
210
2349
2501
2509
5364
67
8470
6813
3422
635
2394
6256
547
7756
5933
6610
5110
1794
9670
5515
3929
6839
6281
5561
219
1396
138
4992
6718
8509
4280
163
8404
2256
5116
515
8987
2463
1503
4265
7136
1207
5197
3918
2021
6882
5589
7923
6718
4539
736
1570
1589
9946
1617
4355
1354
9623
460
6592
1828
5439
5160
6325
2385
344
383
5396
7866
3836
6787
6952
5413
3853
3828
8122
6995
1926
412
8686
7434
8660
2658
8013
9631
8389
6034
3665
5864
937
5550
4108
2724
3085
3889
8269
4488
9275
7320
3789
7430
8316
6649
2074
5165
4329
7743
2214
8922
7777
2422
2771
8633
8678
9108
5916
9541
7527
2009
1949
6319
2783
1398
2531
5654
9198
1452
2591
4833
2600
9748
3746
2940
8977
3819
472
949
2366
4569
6454
6341
7945
5636
6760
8305
9656
6009
8180
984
3588
4378
9620
9993
3650
2962
394
1972
4636
8820
991
9473
8342
9442
8557
6360
9669
9423
838
2301
7584
9006
5481
8289
5702
785
6113
5804
2912
9473
9760
3680
9310
6862
9807
8786
9343
1472
4769
7052
1493
1410
3922
465
6597
7482
4653
5058
4250
7249
9040
4164
2436
7393
3112
5570
153
93
7336
8390
3004
7529
4995
9949
7506
3340
7229
1273
6600
1809
5914
1064
9148
7680
2029
8109
9932
5556
2505
6934
4796
8727
5459
4983
4497
161
8241
3576
4163
5979
1669
1800
2103
3786
3028
4993
5008
3205
3041
9361
7360
8193
5252
193
2568
4179
3668
8198
5708
9276
4125
9427
6020
7379
6965
6447
3128
867
8564
7843
4438
1941
4536
5395
3886
5433
4478
2930
4937
7983
5763
1240
5090
4322
4021
768
5978
252
5814
5182
6432
4903
4029
3106
5016
4265
9396
5813
1798
5716
835
1491
2640
9004
4336
9243
2350
9332
7880
6975
2556
9098
4453
5580
3233
127
2951
9417
5830
7018
